3286772707
3286773249
3287135921
3287136491
3287136871
3287485515
3287954910
3287955114
3287955546
3288303868
3288304064
3288304274
3288304496
3288304674
3288623122
3288623126
3288623130
3288623140
3288623144
3288623148
3288778900
3288778904
3288778910
3348165233
3348994272
3371355187
3371532517
3371537555
3371546831
3371550507
3371553829
3371555457
3371558701
3371559111
3371561741
3371570975
3371572577
3371579827
3371580901
3371581927
3371591637
3371595143
3371599183
3371605445
3371612229
3371617769
3372163162
3372344377
3372347643
3372349645
3372351375
3372355044
3372356011
3372359135
3372360448
3372363869
3372365771
3372366059
3372366711
3372366907
3372367175
3372368603
3372372966
3372396798
3372403892
3372408676
3372417598
3372423608
3372424938
3372437696
3372447853
3372449279
3372615987
3372616081
3372616181
3372616619
3372617181
3372617583
3372617913
3372618235
3372618361
3372618479
3372618939
3372619081
3372619433
3372619629
3372619785
3372619919
3372620077
3372620835
3372621299
3372621457
3372621727
3372622227
3372622575
3372622855
3372623133
3372623685
3372623803
3372623929
3373164064
3373171510
3373175580
3373179506
3373183344
3373184278
3373185274
3373185640
3373186030
3373186682
3373186966
3373262218
3373262734
3373263154
3373263628
3373264922
3373323609
3373323865
3373417296
3373417304
3373417310
3373417314
3373417322
3373417324
3373433428
3373433510
3373433564
3373433612
3373433694
3373433822
3373434148
3373434360
3373434668
3373434942
3373435692
3373436044
3373436598
3373436804
3373437158
3373438216
3373438446
3373438768
3373438886
3373439286
3373439660
3373439798
3373440070
3373440410
3373440670
3373441136
3373441260
3373441810
3373442042
3373442150
3373442254
3374140324
3374140772
3374140830
3377216581
3377346863
3377347357
3377348385
3377484447
3377488697
3377502785
3377512579
3377529477
3377535083
3377540233
3377553475
3377558423
3377566909
3377570875
3377574881
3377579001
3377583575
3377587701
3377595915
3377600183
3377604399
3377616397
3377623341
3377636541
3377648639
3377670653
3377682039
3377686037
3377692495
3377764771
3377767747
3377800963
3377802381
3377802679
3377803353
3377803583
3377804221
3377804593
3377804935
3377806753
3377807311
3377807789
3377808067
3377809103
3377809421
3377810717
3377811165
3377811475
3377811891
3377812101
3377812331
3377812611
3377813455
3377813985
3377814213
3377814703
3377815561
3377816405
3377816635
3377816809
3377817875
3377818003
3377818619
3377820853
3377821225
3377821599
3377822975
3377823243
3377823955
3377824243
3377824535
3377825033
3377825635
3377825869
3377826219
3377827949
3377828233
3377828459
3377828717
3377829419
3377830009
3377830899
3377831597
3377832627
3377832911
3377833215
3377833487
3377833695
3377834325
3377834839
3377835149
3377835333
3377835879
3377836671
3377836949
3377838295
3377965892
3377970102
3377970908
3378058187
3378163358
3378163762
3378164678
3378310348
3378315366
3378324820
3378338982
3378342902
3378362006
3378371782
3378380178
3378409688
3378414942
3378415404
3378427366
3378431288
3378438400
3378443448
3378447154
3378451150
3378458764
3378462530
3378492794
3378496176
3378507456
3378591664
3378618024
3378618290
3378619376
3378620694
3378622350
3378622836
3378623106
3378623314
3378623596
3378623932
3378624058
3378625134
3378626208
3378627220
3378627526
3378627776
3378628038
3378628460
3378629230
3378630460
3378630714
3378630866
3378631356
3378632202
3378632648
3378632932
3378633572
3378633898
3378634780
3378634956
3378635274
3378636028
3378636710
3378636942
3378637288
3378637528
3378637724
3378639630
3378639980
3378640272
3378641054
3378642386
3378644096
3378644346
3378644532
3378645122
3378646458
3378646670
3378647080
3378647628
3378647958
3378648594
3378649206
3378649420
3378649680
3378651292
3378651442
3378651950
3378653016
3378653556
3378653852
3378654938
3378655452
3378655600
3378656054
3378771083
3378882718
3378884464
3378886442
3379587716
3379587980
3379588040
3382412871
3388059513
3388063043
3388273431
3388330317
3388332499
3388440893
3388469151
3388471961
3388474483
3388480199
3388490553
3388518295
3388555639
3388565381
3388607401
3388610201
3388614703
3388617241
3388619615
3388633853
3388648899
3388651589
3388657873
3388659949
3388808825
3388817355
3388820301
3388821395
3388822667
3388829237
3388833077
3388834379
3388835743
3388836979
3388839611
3388844735
3388848605
3388863049
3388868266
3388868555
3388880653
3388892133
3388895215
3388896497
3388897687
3388899803
3388900825
3388901845
3388904249
3388907985
3388911331
3388912287
3388913503
3388915897
3388921041
3388925319
3388929619
3388930919
3388932349
3388939097
3388945387
3388946829
3388949797
3388952599
3388953951
3388955207
3388956355
3388962581
3388963843
3388971053
3388972421
3388979699
3388981983
3388989637
3388991789
3388997439
3389001891
3389005719
3389016851
3389019047
3389027499
3389030705
3389036871
3389042307
3389045273
3389048151
3389071423
3389073427
3389079049
3389081211
3389091673
3389093673
3389100093
3389117599
3389124477
3389125979
3389129519
3389131565
3389133573
3389139593
3389141541
3389143347
3389144880
3389146092
3389146641
3389148583
3389155207
3389157063
3389158877
3389162669
3389166357
3389168331
3389175519
3389182201
3389185281
3389188687
3389190787
3389195207
3389204415
3389276334
3389286718
3389292414
3389297448
3389302454
3389307996
3389331288
3389341878
3389344192
3389373428
3389398560
3389404470
3389407330
3389410318
3389412596
3389415272
3389422024
3389422776
3389423070
3389433368
3389435720
3389438370
3389440860
3389443356
3389467286
3389621310
3389622484
3389625748
3389626948
3389629898
3389635242
3389636486
3389637640
3389638932
3389641402
3389649270
3389651948
3389654032
3389661524
3389663200
3389665464
3389667682
3389669630
3389671484
3389689634
3389692816
3389695876
3389699964
3389709314
3389713634
3389716226
3389717400
3389730562
3389733116
3389737264
3389738644
3389746478
3389747954
3389750946
3389752166
3389753482
3389754630
3389758848
3389761588
3389763143
3389768002
3389769262
3389770500
3389771774
3389775348
3389776748
3389778018
3389780454
3389787042
3389794492
3389809866
3389814398
3389818054
3389820118
3389822190
3389844296
3389886480
3389888316
3389894812
3389896964
3389900780
3389907014
3389908306
3389909598
3389912724
3389914258
3389915872
3389919406
3389921746
3389924062
3389925656
3389930622
3389932258
3389933854
3389947398
3389949308
3389956650
3389961826
3389976324
3389981538
3389983224
3389994486
3389995370
3390004420
3390009014
3390011590
3390014062
3390018322
3407967223
3407968339
3408103203
3408104925
3408105687
3408112093
3408113481
3408124897
3408133371
3408137475
3408140383
3408141579
3408912116
3408914728
3408915650
3408920792
3408922794
3408923792
3408924950
3408926040
3408927050
3408927908
3408928724
3408929588
3408930554
3408931570
3408943836
3408944890
3408946942
3408947948
3408951368
3460602371
3460603043
3460603665
3460604837
3461415556
3461418198
3462215771
3462295925
3462382119
3463022184
3463076683
3463112464
3463177524
3463183202
3463221180
3464093230
3516692759
3516978747
3516981735
3517144315
3517145437
3517145837
3517146513
3517260241
3517262203
3517308783
3517484842
3517486462
3517500894
3517508404
3517510222
3517599266
3517724572
3517955826
3517956198
3517956938
3517958390
3517969046
3517969110
3518150042
3518151690
3518155278
3520436725
3520436975
3520545843
3520644507
3520644763
3520645603
3520645835
3520646767
3520648867
3521247820
3521248090
3521345924
3521346086
3521356880
3521357030
3521455714
3521456942
3521457232
3521458092
3521458520
3521459232
3521459586
3521459882
3521460214
3521460580
3527015609
3527015779
3527016023
3527016237
3527016421
3527016489
3527016687
3527016751
3527016859
3527827914
3527828076
3527828716
3527828798
3527829068
3540433907
3540433913
3540433925
3540455925
3540457119
3540457995
3540459883
3540522081
3540522099
3541062157
3541108965
3541110759
3541111237
3541113657
3541267724
3541269746
3541270960
3541272102
3541869308
3541873584
3541915650
3541917600
3541918946
3541919542
3541920010
3541921410
3543461465
3543461913
3544269658
3577360539
3583621257
3584427908
3584711111
3584713313
3584715337
3584717975
3584720017
3584720531
3584722585
3584724811
3584729371
3584731395
3584734559
3584735959
3584737169
3584740149
3584750229
3584751641
3584754637
3584757363
3584762527
3584765289
3584766419
3584813317
3585516410
3585520792
3585523212
3585525800
3585528304
3585539988
3585545688
3585554394
3585555934
3585560260
3585563320
3585565692
3585566888
3585568126
3585570976
3586580217
3586582513
3586582895
3586583855
3586585109
3586586797
3586587323
3587385822
3587386666
3587388334
3587389954
3587390680
3587394574
3587395176
3663694019
3664494846
3664577320
3665131857
3665244601
3665247335
3665248955
3665252145
3665255385
3665256571
3665257743
3665260355
3665263229
3665264663
3665304263
3665309749
3665544843
3665547793
3665550739
3665553785
3665557715
3665561075
3665563819
3665564251
3665638331
3665664499
3665664611
3665664705
3665664805
3665665269
3665665717
3665666021
3665666101
3665666207
3665668629
3665668761
3665668859
3665734457
3665734593
3665870889
3665917227
3665935020
3665936268
3665937288
3665938182
3666017479
3666017621
3666020181
3666042608
3666044866
3666046288
3666053932
3666056710
3666065698
3666069580
3666072240
3666100542
3666101262
3666101948
3666107234
3666352796
3666359756
3666360521
3666361904
3666362177
3666362430
3666363101
3666365336
3666365615
3666365852
3666366685
3666367725
3666368259
3666368606
3666368745
3666370035
3666370641
3666372557
3666469932
3666470336
3666470526
3666470642
3666471086
3666471388
3666473638
3666473714
3666474092
3666531458
3666538042
3666538202
3666674256
3666674459
3666674830
3666675380
3666675722
3666721500
3666721886
3666722064
3666822122
3666822302
3666822920
3666823086
3666823780
3667166954
3667167550
3667168538
3667169424
3667170894
3667172092
3667173108
3667175322
3667177248
3667177970
3667603877
3667604505
3667791433
3667795439
3667798407
3667801473
3667807283
3667808795
3667812155
3667813987
3667815011
3667820459
3667821209
3667824691
3667826425
3667855109
3667857711
3667862547
3667863447
3667864201
3667867255
3667868815
3668380753
3668384427
3668390303
3668410668
3668412400
3668501177
3668546863
3668600227
3668601026
3668602376
3668603143
3668604702
3668607512
3668608310
3668613862
3668615332
3668618816
3668620462
3668623298
3668624224
3668625004
3668629260
3668632890
3668661562
3668664144
3668665802
3668666608
3668667358
3668668164
3668669028
3668672270
3668673086
3668673878
3668675392
3668702635
3668709371
3668791367
3668791509
3668831639
3668832359
3668833101
3668833973
3668834649
3668835633
3669190060
3669196520
3669309838
3669310054
3669413416
3669511336
3669514190
3669515760
3669520832
3669526624
3669599674
3669599726
3669639764
3679645181
3679650133
3679675043
3679676075
3679691311
3679693527
3679694155
3679695813
3679757597
3679757867
3679758081
3679758501
3679758711
3679758947
3679759151
3679759369
3679759827
3679760073
3679760319
3679760837
3679761119
3679770389
3679773017
3679773979
3679950155
3679950447
3679954755
3679959737
3679961415
3679964105
3679964521
3679964875
3679965429
3680466036
3680482009
3680482591
3680482939
3680483847
3680485041
3680488236
3680507128
3680514826
3680572578
3680575404
3680582552
3680586200
3680589766
3680590740
3680734711
3680764938
3680766352
3680775494
3680776270
3680777350
3680779076
3680779350
3680779786
3680780540
3681296328
3681296998
3681298012
3681298330
3681299116
3681299322
3681299612
3681300446
3681802989
3682142671
3682142715
3682142935
3682615732
3682617558
3682617794
3682815108
3682955624
3682955640
3682955708
3682955912
3682956070
3708175427
3708735725
3708736977
3708737261
3709407133
3709412541
3709415817
3709417345
3709466530
3709548962
3709549324
3709550110
3710150973
3710153803
3710157381
3710160363
3710161087
3710166147
3710166795
3710171421
3710173883
3710175129
3710176887
3710179759
3710182401
3710186067
3710187423
3710189979
3710199587
3710202355
3710203629
3710204867
3710205973
3710208719
3710210247
3710211661
3710213035
3710214894
3710215586
3710220349
3710221126
3710221958
3710222698
3710223167
3710225112
3710225860
3710581041
3710960654
3710963190
3710965612
3710966978
3710970416
3710973216
3710978798
3710979896
3710981152
3710983746
3710988694
3710989662
3710992110
3710994484
3710995552
3710999648
3711002992
3711004106
3711011454
3711032466
3711390808
3711400942
3805352625
3805354059
3805356793
3805411467
3805415217
3805419255
3805425023
3805433187
3805436631
3805440459
3805443543
3805446121
3805454077
3805462961
3805470937
3805473991
3805479107
3805501909
3805507533
3805517223
3805524659
3805526659
3805528277
3805944145
3806169554
3806173704
3806194530
3806196858
3806226678
3806228670
3806232322
3806235618
3806241174
3806246520
3806249308
3806253576
3806257784
3806295236
3806302462
3806307582
3806311208
3806315178
3806317024
3806318510
3806321984
3806323996
3806327896
3806330152
3806332218
3806337690
3806339754
3806341408
3806348232
3806656737
3806658359
3806659057
3806665819
3806667059
3806667711
3806668311
3806670011
3806671311
3806672709
3806674185
3806674889
3806676353
3806677241
3806682121
3806682973
3806683727
3806684507
3806686115
3806686885
3806687639
3806688379
3806689149
3806690575
3806692045
3806692813
3806693521
3806695575
3807446519
3807446767
3807447121
3807447725
3807447977
3807448683
3807449009
3807450111
3807450929
3807451211
3807451907
3807453387
3807453567
3807454023
3807454379
3807454629
3807455327
3807456203
3807456579
3807456845
3807457713
3807458757
3807459059
3807471932
3807472682
3807477246
3807477924
3807478644
3807479562
3807480356
3807481122
3807481804
3807483042
3807485740
3807487428
3807490080
3807492092
3807494634
3807495448
3807496314
3807497026
3807497790
3807501614
3807506316
3807507676
3807510490
3807511336
3808036843
3808062135
3808062697
3808105319
3808105471
3808261882
3808262994
3808265176
3808265952
3808267188
3808267852
3808268506
3808269286
3808269774
3808270500
3808271144
3808271370
3808272592
3808273518
3808761275
3808771561
3808786275
3808815181
3808829835
3808842445
3808851984
3808852560
3808919942
3808920122
3808920598
3808920736
3809242334
3809445908
3809520980
3809532800
3809547288
3809594102
3809637406
3809652062
3809904790
3883791359
3883791519
3883791561
3883791891
3883791945
3883792013
3884583616
3884583740
3884583810
3972563069
3973338111
3973593747
3973595205
3973596643
3974110984
3974365478
3974366752
3974367965
3974374060
3974376330
3974377638
3974421331
3974792595
3975132814
3975132874
3975151792
3975555624
4027648535
4027648677
4027649111
4027649855
4027649997
4027652871
4027652967
4027653159
4027653319
4027653465
4027653613
4027653975
4027654339
4027654767
4027654943
4027655831
4027656285
4027656405
4027656569
4027656691
4027657675
4027657881
4027658557
4027658739
4027659339
4027659509
4027659681
4027659939
4027660061
4027660695
4027661313
4027661501
4027662153
4027662483
4027662615
4027662733
4027663697
4028402600
4028402946
4028403092
4028403248
4028403734
4028403916
4028404072
4028404282
4028404716
4028404976
4028405246
4028405394
4028407620
4028408004
4028408414
4028409104
4028409300
4028409512
4028409998
4028410770
4028410930
4028411874
4028412104
4028412286
4028413098
4028413970
4028414138
4028414296
4028414686
4028414918
4028415446
4028415676
4028416074
4028416780
4028416942
4028417082
4091585579
4091588099
4092371978
4092706275
4092717881
4092728219
4092731451
4092732089
4092732517
4092733381
4092734873
4092737323
4092739187
4092739729
4092742851
4092743569
4092744037
4092745215
4092745731
4092746279
4092747415
4092749651
4092750721
4092751383
4092752561
4092756631
4092763471
4092764839
4092765637
4092766323
4092767439
4092768065
4092770199
4092770725
4092771293
4092774337
4092781639
4092847599
4093245627
4093490012
4093493118
4093495024
4093495756
4093496470
4093499792
4093501490
4093502176
4093503450
4093504104
4093507388
4093512368
4093513390
4093514296
4093514948
4093515870
4093517550
4093518900
4093523404
4093524252
4093525066
4093528012
4093532146
4093534298
4093534922
4093538238
4093538584
4093539766
4093542302
4093542770
4093543130
4093544490
4093544860
4093545342
4093545738
4093546162
4093611904
4094011528
4141640349
4141950675
4142472459
4142510956
4142573691
4142707098
4142707176
4142707546
4142841316
4149792967
4149848863
4149855405
4149892059
4149898355
4149973015
4149984059
4149989831
4150640308
4150663774
4150710112
4150779468
4391797955
4391798541
4392097517
4392098673
4392099457
4392100023
4392566870
4392567000
4392568444
4392568612
4392867124
4392868600
4422921455
4422924515
4422956173
4422957151
4422957893
4422967221
4422968249
4422970167
4422974759
4422975419
4422978487
4422984933
4422986053
4423695648
4423697312
4423706316
4423708030
4423719780
4423721436
4423723230
4423727234
4423737312
4423737610
4423737826
4423739184
4423739780
4423743732
4423744106
4423744458
4448614045
4448614187
4448614273
4448615683
4448616091
4448616335
4448734367
4448761811
4448880045
4448883111
4449114349
4449118439
4449130805
4449133517
4449135839
4449139297
4449140603
4449141155
4449141597
4449141981
4449142883
4449143305
4449143557
4449143983
4449145379
4449145391
4449145421
4449145457
4449145483
4449145509
4449145521
4449145551
4449145787
4449145885
4449146165
4449146255
4449146609
4449147403
4449147945
4449148237
4449148377
4449149265
4449150137
4449150385
4449150627
4449151025
4449151183
4449151977
4449152093
4449152271
4449152485
4449152715
4449152883
4449156173
4449161935
4449180401
4449180447
4449180485
4449180523
4449180587
4449180731
4449184003
4449316559
4449391464
4449392670
4449393104
4449393196
4449446337
4449446499
4449446821
4449447023
4449447177
4449447453
4449447971
4449448105
4449448391
4449448639
4449520563
4449521137
4449524317
4449525803
4449526897
4449528749
4449530075
4449563461
4449564627
4449656618
4449887552
4449892622
4449903204
4449914888
4449915178
4449915330
4449915486
4449915710
4449916398
4449916950
4449917294
4449917730
4449917960
4449918178
4449918632
4449919120
4449919394
4449919796
4449920288
4449920466
4449920758
4449921066
4449921146
4449921206
4449922546
4449922854
4449923288
4449923724
4449924432
4449924570
4449924724
4449925084
4449925966
4449926194
4449926324
4449927040
4449928486
4449935252
4449954988
4449955020
4449955044
4449955108
4449955256
4449955298
4449955482
4449955546
4449955574
4449955658
4449955726
4449972929
4450185731
4450220600
4450221206
4450221516
4450221680
4450222112
4450222430
4450222788
4450296724
4450296934
4450299326
4450300676
4450301934
4450302586
4450303776
4450305240
4450338838
4450533859
4450534699
4450535289
4450744878
4450755774
4451058096
4451172907
4451273459
4451302612
4451626787
4451670899
4451698323
4451858627
4452042478
4452045534
4452105308
4452465392
4458875499
4459303018
4459615750
4459655496
4460194637
4669286919
4669616243
4669616651
4669616985
4669617271
4669617711
4669617931
4669618749
4669619599
4669619961
4669620141
4669620617
4669620841
4669621013
4669621803
4669622087
4669622543
4670237038
4670241666
4670242838
4670243526
4670244084
4670244308
4670244536
4670244930
4670245124
4670245320
4670245820
4670246408
4670247408
4670247686
4670248398
4670248806
4670249630
4736657683
4736658057
4737105557
4737106569
4737108113
4737109009
4737109427
4737157945
4737742848
4737743648
4737744070
4737745296
4737959390
4738040570
4738047136
4738876671
4738941415
4738958745
4738979447
4739080955
4739151593
4739159393
4739181625
4739189227
4739207839
4739215837
4739224457
4739231349
4739232495
4739233933
4739248521
4739294417
4739302281
4739316845
4739334779
4739421963
4739432487
4739436319
4739443193
4739490775
4739500737
4739517780
4739519899
4739525444
4739526265
4739530403
4739532553
4739534384
4739542514
4739548373
4739550018
4739558234
4739565232
4739583726
4739599266
4739606016
4739621488
4739630030
4739637696
4739645756
4739673875
4739675137
4739722802
4739730616
4739737270
4739759602
4739768976
4739777366
4739801026
4739808316
4739834398
4739868050
4739879808
4739917532
4739944982
4739955145
4739970884
4739979490
4739983838
4739985486
4739993716
4740025500
4740028558
4740053016
4740056844
4740060256
4740071480
4740078618
4740080044
4740126906
4740144610
4740162520
4740307660
4740312418
4740590236
4794705885
4794706817
4795153726
4795155446
4795335562
4795337944
4795993936
4796094254
4796129137
4796129917
4796130571
4796131861
4796133257
4796135099
4796157633
4796189207
4796189965
4796190625
4796191305
4796192009
4796192617
4796415603
4796419983
4796420819
4796424283
4796426257
4796428449
4796431007
4796435013
4796453005
4796676141
4796760888
4796762218
4796764152
4796785284
4796786010
4796817120
4797046324
4797048180
4797049002
4797050598
4797065104
4797067282
4797074044
4797076508
4797082155
4797082789
4797085721
4797087127
4797088401
4797711058
4797711514
4797712080
4797712896
4797713962
4797715516
4797717006
4797720518
4797720958
4845318283
4845324225
4845445365
4845932244
4845934736
4845936184
4845939340
4903527193
4903527255
4903527471
4904116138
4904116280
4904116428
4904116558
4904116768
4943146241
4943149705
4944218134
4944222280
4944502918
4944503428
4944730278
4944794261
4944796497
4944797489
4944799517
4944800479
4944801245
4945058489
4945059271
4945071029
4945081411
4945094807
4945100695
4945101711
4945102247
4945103803
4945104347
4945106765
4945107837
4945108545
4945112717
4945117011
4945122989
4945130777
4945132167
4945137511
4945138123
4945138671
4945139357
4945140325
4945143131
4945143613
4945375148
4945377234
4945380478
4945383908
4945452457
4945557464
4945639942
4945646140
4945646640
4945653986
4945668040
4945675002
4945675520
4945675984
4945678078
4945679166
4945685070
4945687260
4945689088
4945690468
4945693458
4945693998
4945694966
4945699216
4945702294
4945703532
4945706488
4945714384
4945717126
4945719158
4945720252
4945721282
4945724122
4945725102
4945728300
4945728790
4945796855
4946035472
4946284769
4946300563
4946301291
4946305007
4946305735
4946308867
4946309979
4946383420
4946872644
4946872996
4946874498
4946874858
4946876272
4946895138
4946895892
4946896358
4946897424
4955168877
4955168969
4955169227
4955169475
4955169617
4955170819
4955171615
4955171873
4955172821
4955173075
4955174947
4955175187
4955177397
4955177531
4955178207
4955178361
4955178641
4955180143
4955180501
4955181191
4955182261
4955182337
4955182445
4955182915
4955183809
4955184413
4955184599
4955184827
4955185931
4955186197
4955186383
4955238937
4955368665
4955369593
4955370179
4955370525
4955370811
4955371409
4955372033
4955372657
4955373647
4955374349
4955375367
4955375753
4955613637
4955620605
4955680375
4955681689
4955683701
4955684209
4955686347
4955761646
4955762592
4955762730
4955763212
4955763460
4955764232
4955764906
4955765284
4955765370
4955766044
4955766314
4955766420
4955767936
4955769824
4955770818
4955771278
4955771734
4955771938
4955774744
4955774954
4955775408
4955777692
4955777782
4955777882
4955779194
4955824647
4955824679
4955851027
4955851181
4955851309
4955851433
4955851573
4955852071
4955874464
4955880502
4955919142
4955922150
4955960330
4955960502
4955961556
4955962282
4955963424
4955963952
4955964662
4955965298
4955965564
4955966160
4955966504
4955967116
4955967434
4955967590
4955968652
4956039075
4956218828
4956272392
4956273904
4956274578
4956276614
4956277286
4956279020
4956279910
4956280542
4956281290
4957492389
4957493795
4957636619
4957637867
4957639049
4957640485
4957642395
4957643255
4957644393
4957646059
4957648273
4957648879
4957649293
4957651075
4957653907
4957655941
4957657463
4957657973
4957659651
4957660337
4957660845
4957662053
4957674591
4957676193
4957685547
4957687335
4957688767
4957692629
4957693451
4957696259
4958081416
4958087678
4958232020
4958233200
4958235110
4958237178
4958238734
4958242916
4958243574
4958245156
4958246090
4958246716
4958249992
4958257232
4958258146
4958263624
4958266100
4958266822
4958269892
4958279086
4958279618
4958281010
4958282522
4958285042
4958286146
4958288722
4958290168
4958369894
5188137761
5188138861
5188139091
5188293239
5188293347
5188293425
5188293525
5188293659
5188295401
5188295611
5188295831
5188295959
5188296261
5188296467
5188296579
5188296745
5188296969
5188297041
5188375607
5188375665
5188376551
5188377599
5188738954
5188740504
5188893356
5188895676
5188896210
5188896350
5188896432
5188896676
5188896916
5188897086
5188897152
5188955283
5188955887
5188956621
5188977782
5188977854
5188978600
5189184454
5189555660
5245469291
5245943505
5246132892
5246214224
5246498925
5246499151
5246499813
5246500121
5246500695
5246501013
5246502777
5246503077
5246503757
5246823421
5246825849
5246891303
5247101662
5247101910
5247103518
5247104750
5247105642
5247425914
5286979571
5286986781
5286991465
5286992631
5286993883
5286994693
5286995521
5286997585
5287251183
5287251457
5287271949
5287583548
5287584382
5287587114
5287590144
5287590768
5287592688
5287594926
5287597880
5287851540
5287852204
5287864799
5287865433
5287873348
5287876514
5287884878
5288464982
5288467184
5288527571
5289128680
5307118783
5307120735
5307122593
5307152911
5307710018
5307716894
5307721670
5307736222
5318340893
5318774649
5318849033
5318854407
5318855989
5318861089
5318863081
5318869165
5318876835
5318934682
5318936994
5319392928
5319453022
5319459728
5319466622
5319472682
5319475258
5319480182
5319812500
5416852491
5417301911
5417309617
5417909056
5418168724
5418522119
5418706539
5418791687
5418793519
5418795837
5418810093
5418840087
5418896091
5419310202
5419399118
5419400566
5419411600
5419416700
5551693873
5551694145
5551705173
5551705225
5551705279
5551722937
5551852902
5551876652
5551908162
5551975143
5552279718
5552291196
5552310182
5552986037
5553383705
5553392279
5553541247
5553560239
5553635157
5553727466
5553759857
5553971514
5554283754
5554335038
5638787221
5638905615
5638931248
5639007365
5639232423
5639308765
5639362546
5639501116
5639505060
5639570528
5639590376
5639603530
5639780708
5640849943
5641074014
5641078647
5641174935
5641207156
5641295729
5641295967
5641298495
5641299627
5641299795
5641300483
5641300867
5641302109
5641303293
5641622498
5641689418
5641864768
5641866504
5641866770
5641867370
5641869564
5641870134
5641870662
5641871266
5641871946
5641872324
5641872632
5641873022
5644810359
5644810401
5645129612
5645216435
5645216553
5645217249
5645217445
5645217967
5645218163
5645218319
5645218535
5645219027
5645219939
5645220347
5645220567
5645221309
5645221979
5645222511
5645222741
5645223657
5645224707
5645225809
5645226431
5645226883
5645227222
5645228089
5645228351
5645228885
5645229573
5645230923
5645232115
5645232243
5645233063
5645233569
5645234033
5645234367
5645234515
5645235087
5645235221
5645235331
5645374876
5645760196
5645779274
5645780832
5645782868
5645783938
5645784166
5645785348
5645786044
5645786298
5645786976
5645787734
5645789172
5645789380
5645790288
5645790540
5645790782
5645790996
5645791770
5645792808
5645793852
5645794776
5645795148
5645796344
5645796546
5645796874
5645796992
5645797300
5645797734
5646138267
5646145375
5646283437
5646284323
5646284743
5646285241
5646285891
5646323305
5646602866
5646689728
5646692712
5646695946
5646834144
5646847424
5646849080
5646889268
5647174621
5647175413
5647177927
5647179639
5647736984
5647739562
5647742282
5717864869
5717865323
5717865887
5717866403
5717867563
5718429164
5718432910
5718433328
5965800492
5965996109
5966092791
5966094665
5966095159
5966095577
5966096991
5966097397
5966098321
5966100515
5966363195
5966481118
5966486781
5966540245
5966650160
5966650666
5966651120
5966652996
5966653462
5966654762
5966657862
5966658294
5967041304
5967060291
6004161461
6058269964
6058751171
6058768051
6058768425
6058770357
6059312988
6059313910
6059315874
6059316576
6125948566
6127333705
6127349833
6127600579
6127610157
6127611443
6127613997
6127618649
6127620359
6127626421
6127627513
6127628663
6127630223
6127734075
6127736157
6127738919
6127742633
6127743683
6127747701
6127750463
6127755031
6127756393
6127758099
6127759489
6127763409
6127764433
6127766023
6127767663
6127769489
6127771047
6127774693
6127776047
6127777221
6127778413
6127779409
6127783373
6127787079
6127789781
6127795697
6127798889
6127800229
6127801685
6127808783
6127810763
6127854277
6127855071
6127855455
6127918933
6127926019
6127927327
6128149852
6128156658
6128163472
6128165042
6128171638
6128278298
6128279306
6128280124
6128282644
6128284986
6128288184
6128289048
6128292216
6128296742
6128299490
6128300908
6128308384
6128309824
6128319894
6128321120
6128328532
6128329954
6128332074
6128333464
6128336328
6128339118
6128340502
6128341992
6128345214
6128351200
6128352822
6128354026
6128355510
6128357512
6128401804
6128403660
6128403938
6128431962
6128443190
6128444866
6128460082
6128471790
6128473016
6128477328
6150061539
6150061601
6150062363
6150062515
6150613916
6150614646
6150646077
6150646165
6150646237
6150646327
6150646359
6150646439
6150646653
6150646847
6150647057
6150647099
6150647199
6150647323
6150647689
6150647789
6150647849
6150648133
6150648223
6150648291
6150648397
6150648467
6150648753
6150649087
6150649111
6150649145
6150649277
6150649305
6150649339
6151195322
6151195360
6151195390
6151195430
6151195454
6151195586
6151195908
6151195924
6151195964
6151196194
6151196432
6151196466
6151196576
6151196634
6151197084
6151197264
6151197482
6151197560
6151197592
6151197724
6151197900
6151197960
6151198040
6151198070
6151198132
6151198174
6151198450
6151198556
6151655208
6167855006
6167859074
6190676583
6190679933
6190680303
6190684319
6190685763
6190686027
6190686475
6190688279
6190688749
6190689219
6190690599
6190691055
6190691465
6190695301
6190696751
6190697439
6190698033
6190698647
6190701849
6190703911
6190705835
6190706903
6190707411
6190707851
6190708779
6190709241
6190710333
6190710891
6190713585
6190713959
6190716111
6191193806
6191194300
6191196844
6191197334
6191201534
6191203980
6191204410
6191205930
6191206348
6191208730
6191209232
6191212184
6191215052
6191221066
6191221494
6191222772
6191224670
6191225036
6191229954
6191232986
6191234988
6191235400
6192035063
6212679387
6212687083
6212690019
6212693925
6212730187
6212751371
6212789399
6212795947
6212804085
6213029516
6213182573
6213187844
6213191084
6213196434
6213197942
6213211672
6213214874
6213250768
6213253200
6213283524
6213298786
6213306938
6213331558
6213341212
6213341752
6213360074
6213697580
6215123118
6215280140
6232967403
6248438427
6248438633
6248467117
6248529133
6248606711
6248964080
6248964292
6248970070
6248992408
6248992872
6248993138
6248993284
6249072433
6249076141
6249076867
6249078505
6249079839
6249080541
6249085885
6249087985
6249092975
6249094339
6249095041
6249095783
6249096251
6249096791
6249097673
6249469769
6249528641
6249529313
6249530527
6249531935
6249533679
6249535587
6249536129
6249599773
6249600148
6249600209
6249600403
6249601293
6249601354
6249603456
6249606986
6249608128
6249608716
6249609978
6249610570
6249612430
6249613122
6249614546
6249615252
6249616906
6249619373
6249619380
6249620302
6249620399
6249621315
6249622195
6249622535
6249624176
6249657483
6249756381
6249759503
6249762041
6249764529
6249765951
6249768825
6249769879
6249770675
6249771453
6249771687
6249788693
6249788885
6249790229
6249793963
6249797415
6249798535
6249816929
6249825481
6249832961
6249842927
6249852825
6249853901
6249856267
6249857351
6249858487
6249859953
6249961287
6249962605
6249963955
6249964383
6249964783
6249965025
6249965709
6249970753
6249971571
6249985869
6249986269
6250058674
6250059892
6250061734
6250063002
6250127756
6250128040
6250128300
6250128582
6250128998
6250129516
6250130512
6250146720
6250147358
6250147960
6250149098
6250149778
6250149960
6250150606
6250150966
6250199087
6250199353
6250199631
6250199871
6250200497
6250201229
6250201981
6250203461
6250286998
6250287956
6250290112
6250290958
6250295186
6250296362
6250296948
6250297788
6250301690
6250302500
6250318668
6250318818
6250321028
6250321497
6250322174
6250322611
6250323309
6250324820
6250325699
6250326034
6250326667
6250326971
6250329328
6250332471
6250336381
6250336729
6250337033
6250348487
6250351738
6250359082
6250363377
6250366657
6250368841
6250369020
6250369927
6250370911
6250376122
6250381072
6250384732
6250390399
6250490618
6250491150
6250491376
6250492074
6250492654
6250494674
6250495962
6250496330
6250546507
6250549031
6250549295
6250550999
6250551605
6250551933
6250630129
6250630729
6250632015
6250637469
6250638955
6250640285
6250656523
6250657865
6250704471
6250704857
6250708799
6250710401
6250714311
6250727890
6250728544
6250729222
6250730556
6250770685
6250777511
6250779828
6250779910
6250782485
6250796031
6250848148
6250848548
6250849000
6250849652
6250850822
6250851416
6250852420
6250852696
6250853002
6250853244
6250874572
6250892894
6250894236
6250896270
6250899791
6250958032
6250959054
6250960056
6250961228
6250962328
6250963518
6251064956
6251077638
6251080276
6251080778
6251081080
6251160382
6251163334
6251186944
6251214519
6251217763
6251220451
6251230253
6251233648
6251238392
6251239506
6251240214
6251299176
6251302568
6251419160
6251439824
6251739328
6251751772
6251755522
6251760980
6334517567
6334518045
6334538671
6334538755
6335272454
6335284598
6335284974
6335859598
6338820041
6338820301
6338820511
6692549907
6692551465
6799199400
6799200554
6799201396
6799202364
6799203002
6799205530
6799207606
6799208062
6799208558
6799209010
6799209418
6799210364
6799499516
6799503652
6799564346
6799564618
6799565930
6799566146
6799566888
6799567186
6799567476
6799568038
6799568988
6799569228
6799569492
6799570054
6799572268
6799572776
6799574194
6799574514
6799574870
6799576816
6799578012
6799578406
6799579076
6799580006
6799580298
6799767492
6804448082
6804448576
6804449490
6804449946
6804450620
6804450788
6804451002
6804451264
6804451658
6804451842
6804452550
6804561716
6805553588
6805555040
6805555410
6805556320
6805558594
6805559588
6805559982
6805913918
6806685076
6806686488
6806687216
6806689212
6806689902
6806690656
6806788516
6806991728
6807191984
6807194678
6807754802
6807852830
6807854030
6819898543
6820043885
6820046665
6820047831
6820379863
6820829575
6820873431
6821447259
6821653811
6858223262
6858224364
6858230528
6858233282
6884718510
6884719476
6884720728
6884723246
6884723814
6884724658
6884726574
6885156790
6885157374
6885158198
6885158878
6885159226
6885160202
6885160542
6885161048
6885161326
6885161694
6885162336
6885162650
6885162916
6885163202
6885165792
6885166724
6885167020
6885167328
6885167716
6885168110
6885169020
6885169622
6885170156
6885170428
6885170716
6885170966
6885171998
6885174214
6885174738
6885175044
6885175366
6885178446
6885179714
6885180040
6885180370
6885181008
6885181580
6885182072
6885182442
6885183142
6885183518
6885183922
6885184200
6885184770
6885185330
6885185424
6885185744
6885186142
6885186198
6885186748
6885187188
6885187300
6885187500
6885188092
6885188250
6885189118
6885189216
6885189462
6885189520
6885190224
6885190452
6885190764
6885190814
6885191040
6885191048
6885191560
6885192156
6885192448
6885192798
6885193124
6885193556
6885194630
6885195002
6885195690
6885196380
6885196606
6885196942
6885197536
6885198132
6885199724
6885200738
6885201664
6885203002
6885203332
6885204166
6885204466
6885204822
6885207924
6885208480
6885209056
6885242704
6885243264
6885245184
6885246380
6885249126
6885250798
6885251596
6885251980
6885254616
6885255926
6885267926
6885270228
6885274690
6885275228
6885275484
6886946738
6887292606
6887294272
6887296940
6887298994
6887301052
6887302418
6887304748
6887307586
6887319468
6887323496
6907524219
6907527309
6907528269
6907547641
6907548541
6907549671
6907672599
6907673385
6907674343
6907675277
6907676051
6908121083
6908122513
6908123623
6908124509
6908125955
6908127233
6908128683
6908130073
6908131655
6908132425
6908133105
6908133631
6908135007
6908845373
6908850061
6908855015
6908867443
6908872541
6908876999
6908881555
6908885177
6908886011
6908887073
6908888335
6908889105
6908889841
6908891631
6908892463
6908893625
6908894299
6908895033
6908895703
6908897047
6908898573
6908899777
6908900449
6908901791
6908903683
6911154247
6911200175
6911210269
6911212917
6911216491
6911221983
6911230743
6912223837
6912226303
6912228953
6912231209
6912233759
6912236315
6912238881
6912241387
6912243971
6912246281
6912248707
6912251099
6912253465
6912256511
6912258951
6912261451
6912264135
6912266797
6912269433
6912311979
6912314495
6912316945
6912319349
6912321771
6912324233
6912326775
6912329563
6912332125
6912334701
6912337479
6912339925
6912342151
6912344277
6912346711
6912349261
6912351699
6912354213
6912355223
6912356285
6912356703
6912356829
6912358439
6912359361
6912359849
6912360293
6912360803
6912361857
6912364081
6912366171
6912368403
6912370783
6912372999
6912375603
6912378071
6912379551
6912381923
6912383051
6912555517
6912614811
6912700885
6945313431
6945315165
6945316505
6945317725
6945318309
6945318831
6945321531
6945611601
6945613009
6945675541
6945678809
6945679363
6945680151
6945680835
6945681149
6945681399
6945681645
6945681877
6945682415
6945682955
6945683635
6945683847
6945684131
6945685507
6945685909
6945686447
6945686747
6945687945
6945688999
6945689781
6945690027
6950558911
6950559457
6950559829
6950560059
6950560253
6950561133
6950561329
6950561503
6950561973
6950562989
6950563091
6950563315
6950563781
6950563919
6951659587
6951659891
6951667587
6951668011
6951668331
6951669255
6951669757
6951670987
6951672403
6951672835
6951673299
6951674229
6952703271
6952790491
6952791185
6952792615
6952793277
6952797389
6952799567
6952800251
6952803039
6953305655
6953807789
6953809665
6953864551
6953867055
6953964719
6953965595
6953968681
6953969647
6953970425
6953973687
6953974477
6953975139
7004334699
7004337473
7004338519
7004339641
7004342765
7004348739
7030818011
7030819103
7030820289
7030820791
7030821409
7030824315
7030825953
7030826573
7031184125
7031253273
7031253833
7031253973
7031254127
7031254711
7031256137
7031257145
7031258343
7031259881
7031260243
7031260529
7031260953
7031261281
7031261699
7031262621
7031262969
7031265053
7031266461
7031267991
7031268265
7031268909
7031270327
7031271031
7031272247
7031272517
7031272971
7031273525
7031273845
7031274075
7031274363
7031274667
7031275365
7031275623
7031276039
7031277231
7031278037
7031278583
7031281055
7031281237
7031281319
7031281587
7031281763
7031283063
7031283361
7031284433
7031284535
7031285073
7031285229
7031285369
7031285645
7031286655
7031287007
7031288195
7031288215
7031288431
7031288867
7031289475
7031289987
7031290489
7031290817
7031291209
7031291743
7031292177
7031292563
7031292751
7031292845
7031293021
7031293989
7031294567
7031295351
7031295661
7031295921
7031296193
7031296851
7031297133
7031297855
7031298089
7031298705
7031298821
7031302053
7031303257
7031304075
7031306903
7031308037
7031340561
7031341481
7031343807
7031344241
7031346205
7031346567
7031347911
7031350265
7031350727
7031351879
7031365017
7031365965
7031367147
7031368389
7031369479
7031370099
7031371269
7033038915
7033045607
7033049337
7033297183
7033382577
7033384841
7033403307
7033406135
7033409025
7033411543
7033416039
7483433430
7483436130
7483453146
7483455614
7483459462
7483465160
7483467642
7483470800
7483473414
7483691104
7483757834
7485202424
7485204352
7485205500
7485206624
7485207550
7485208714
7485209642
7485210558
7485213330
7485243554
7485402092
7485403102
7485404176
7485405964
7485407104
7485408246
7486743744
7486744218
7486747242
7486748112
7486749754
7486750522
7486752702
7486754494
7486755282
7486756094
7486757632
7486759028
7486759632
7486760600
7486762016
7486763794
7486764472
7486765244
7487429620
7487434642
7487438904
7488878488
7488881458
7488882370
7488883210
7488884376
7488885602
7488887114
7488889754
7488891624
7488893034
7488895304
7488899118
7488902596
7488931016
7488933352
7488935158
7488939924
7488941194
7488942456
7488944832
7488947256
7488949748
7488953920
7488955500
7488957790
7488999086
7489713344
7490154850
7490157228
7490194244
7524486214
7635236480
7635237048
7635237458
7635238130
7635238642
7635239152
7635239616
7635240122
7635240606
7635241148
7842321170
7842331034
7842401608
7842406656
7842741746
7844295142
7844299550
7844301174
7844708998
7844711318
7844735782
7845446222
7845449718
7845467548
7845476646
7845477974
7845483612
7845503140
7845513286
7845518894
7845536838
7845550270
7845551312
7845554804
7845556168
7845579210
7845581746
7845583742
7845585480
7845586712
7845593882
7847041852
7861455212
7861980712
7861986662
8045671865
8046051172
8046378543
8046378659
8046379173
8046379377
8046379675
8046379991
8046380044
8046380178
8046380841
8046381371
8046381859
8046382675
8046382900
8046383015
8046383368
8046384065
8046384486
8046384598
8046384676
8046384735
8046385011
8046385219
8046385569
8046385651
8046385680
8046386186
8046387888
8046387996
8046388508
8046388871
8046388949
8046389340
8046389410
8046389566
8046390363
8046390482
8046390657
8046391438
8046391587
8046391715
8046391718
8046391766
8046392203
8046392296
8046392361
8046392396
8046392478
8046392523
8046392884
8046392940
8046394663
8046395512
8046396921
8046397385
8046398033
8046398105
8046398224
8046398418
8046398842
8046398984
8046399209
8046399305
8046399376
8046399560
8046400593
8046400823
8046401310
8046401662
8046401890
8046403083
8046403629
8046404415
8046404529
8046404613
8046404765
8046405182
8046405258
8046405318
8046405358
8046405837
8046405862
8046405921
8046406062
8046406278
8046406344
8046406450
8046406481
8046406725
8046406850
8046407049
8046407125
8046407437
8046407693
8046407903
8046407989
8046408385
8046408627
8046409127
8046409189
8046409377
8046409627
8046409733
8046409817
8046409818
8046409968
8046410040
8046410124
8046410248
8046410350
8046410442
8046410518
8046410575
8046410576
8046410649
8046411075
8046411394
8046411736
8046411795
8046411871
8046411985
8046412049
8046412177
8046412253
8046412298
8046412405
8046412477
8046412547
8046412562
8046413070
8046413122
8046413272
8046413352
8046413403
8046413736
8046413834
8046413853
8046414068
8046414081
8046414162
8046414516
8046414598
8046414716
8046414766
8046414888
8046415696
8046417363
8046417443
8046417836
8046418014
8046418041
8046418135
8046418180
8046418396
8046419154
8046419507
8046419586
8046420016
8046420386
8046423434
8046423862
8046425540
8046426084
8046678521
8046684762
8046941836
8047389601
8047391879
8047392811
8047393647
8047395636
8047423141
8047428792
8047431440
8047715818
8047765669
8048102311
8048103129
8048104817
8048105546
8048106238
8048106520
8048107636
8048107958
8048110086
8048444672
8048481521
8048483937
8063170886
8063876843
8063877377
8063878200
8063879242
8063879744
8063880021
8063880444
8063884629
8063886645
8063886881
8063887149
8063887592
8063887954
8063888617
8063888654
8063890024
8063890350
8063890555
8063890716
8063890914
8063892928
8063893458
8063899578
8063906381
8063907789
8063909754
8225291919
8230334599
8230335655
8230337045
8231128239
8231140433
8231394210
8231394446
8231394954
8231395532
8231396500
8231397198
8231397586
8231398250
8232198937
8232203004
8232410757
8232411841
8232412261
8232414193
8232414589
8232414825
8232478023
8232487315
8233473268
8233474728
8233546776
8233551658
8233555356
8269437729
8327399219
8327405873
8327860133
8327869357
8327870487
8327885873
8327899771
8327913279
8327917213
8327927839
8327933575
8327935237
8327948977
8327950763
8327968145
8327978875
8327989455
8327995949
8328002747
8328010945
8328017947
8328021905
8328023727
8328025263
8328027281
8328039539
8328041923
8328043443
8328047091
8328049861
8328056857
8328059159
8328061299
8328065947
8328069855
8328071499
8328073491
8328074087
8328078037
8328083047
8328084273
8328089921
8328090815
8328120903
8328124959
8328126075
8328126941
8328127529
8328133195
8328136495
8328137895
8328138879
8328139259
8328447858
8328451756
8328911456
8328913632
8328915354
8328917120
8328922532
8328924990
8328926798
8328940224
8328942654
8328956820
8328960254
8328964222
8328967394
8328980080
8328982222
8329004730
8329016572
8329020654
8329028642
8329033004
8329034900
8329039046
8329040998
8329042676
8329044458
8329051722
8329059388
8329062738
8329066598
8329071806
8329074318
8329090632
8329091894
8329097162
8329099620
8329106866
8329110278
8329116322
8329118231
8329118672
8329119245
8329120994
8329122779
8329123230
8329124281
8329125993
8329129214
8329130739
8329130962
8329132186
8329135046
8329136133
8329137585
8329143052
8329143161
8329143502
8329144020
8329144755
8329145616
8329147164
8329150109
8329151205
8329153779
8329154443
8329155447
8329156213
8329158033
8329160497
8329161181
8329162491
8329164295
8329165259
8329166939
8329169829
8329174207
8329179634
8329179671
8329180164
8329180722
8329181984
8329182293
8329182456
8329183687
8329183826
8329184773
8329185891
8329186648
8329187728
8329188562
8329188581
8329189746
8329190015
8329190680
8329191876
8329192227
8329192770
8329193659
8329194016
8329195264
8329196472
8329197573
8329199137
8329209231
8329211539
8329215647
8329224149
8329234173
8329238423
8329240143
8329249281
8329250403
8329251191
8329253877
8329258605
8329266465
8329267039
8329269073
8329271949
8329272807
8329280311
8329281969
8329290323
8329294929
8329296301
8329299627
8329300441
8329301327
8329304289
8329312579
8329314045
8329314955
8329318285
8329320505
8329321891
8329323737
8329328181
8329330485
8329331513
8329341955
8329343019
8329349521
8329353953
8329354721
8329355731
8329360061
8329362079
8329364405
8329369587
8329370767
8329374531
8329378523
8329379581
8329382075
8329385277
8329386191
8329388349
8329389245
8329391981
8329394203
8329395681
8329397751
8329399091
8329406551
8329413067
8329415165
8329416301
8329424745
8329428421
8329434117
8329435283
8329436503
8329437467
8329438185
8329439681
8329441117
8329442491
8329446785
8329448531
8329449637
8329452571
8329453565
8329454925
8329456307
8329459891
8329462255
8329463781
8329464491
8329471827
8329472739
8329480141
8329628709
8329940725
8329942177
8330180538
8330183600
8330184068
8330184804
8330186332
8330190248
8330191116
8330192504
8330194136
8330195654
8330196168
8330201180
8330206658
8330213860
8330216464
8330220290
8330222760
8330225670
8330227076
8330229386
8330232334
8330233464
8330234998
8330235862
8330237578
8330238656
8330244704
8330249120
8330250626
8330252958
8330254454
8330255944
8330257726
8330258754
8330260734
8330261686
8330265656
8330270068
8330273992
8330275262
8330275996
8330280230
8330283712
8330284880
8330290318
8330292590
8330298596
8330303172
8330304270
8330305872
8330310044
8330313106
8330314652
8330317284
8330318710
8330321158
8330323210
8330327850
8330331016
8330332470
8330336462
8330342118
8330343012
8330344410
8330346264
8330348762
8330351158
8330355462
8330363612
8330368380
8330373884
8330376884
8330380152
8330386006
8330389870
8330391082
8330392266
8330394398
8330395348
8330396362
8330397168
8330398116
8330402002
8330403340
8330404788
8330405814
8330408696
8330414588
8330415468
8330417966
8330420408
8330422698
8330423442
8330424804
8330426110
8330429796
8330431462
8330435534
8330438198
8330440940
8330441644
8330444532
8330448028
8330450148
8330454408
8330458538
8330459752
8330460368
8330461800
8330465168
8330466566
8330467798
8330468914
8330471802
8330474950
8330477554
8330478714
8330479604
8330480422
8330481228
8330483070
8330484494
8330486832
8330488128
8330489758
8330490996
8330501226
8330502434
8330505192
8330508378
8330513138
8330515414
8330516686
8330523318
8330524922
8330526066
8330531816
8330532934
8330534170
8330535208
8330536602
8330996324
8330998152
8331037744
8331832108
8365577192
8398706047
8399532022
8399582836
8548224667
8549320588
8587566805
8587568157
8587569025
8587569583
8587621517
8587622933
8588468906
8588671070
8588679454
8588721776
8588723150
8588724344
8600434433
8600434511
8600434551
8600434601
8600434649
8600434735
8600434789
8600437605
8601534014
8601534166
8601537290
8601538352
8601540368
8601540430
8601540450
8640779859
8640780303
8640780787
8640782859
8640786323
8641003763
8643055505
8650290983
8650291261
8650291371
8650294221
8650296533
8650299177
8650299379
8650299815
8650300121
8650303003
8650303589
8650310423
8650404095
8650878576
8650878662
8651389314
8651392242
8651392690
8651394564
8651395006
8651397958
8651398358
8651401568
8651403794
8651408370
8651410538
8651410688
8651410894
